"type","title","description","url","color","timestamp","fields","thumbnail","image","video","author","provider","footer","files"
"rich","Shaquille O’Neal has Blunt response to LeBron James’ comment about the league schedule potentially leading to player injuries","","https://redd.it/ob5fcp",10297909,1625083682000,"[]","{""url"":null}",,,"{""name"":""r/nba | 4020999 Subscribers"",""iconURL"":""https://cdn.discordapp.com/avatars/799722126784725042/5de289dd938456254174b76c8e75f01d.webp""}",,"{""text"":""[Link Post by /u/Knighthonor] | [0 👍] | [0 👎 ] | [11 📃]""}","[]"